0.462
0.552
0.494
0.52
0.546
0.594
0.548
0.572
0.568
0.668
0.552
0.612
0.64
0.58
0.558
0.624
0.596
0.58
0.552
0.642
0.622
0.576
0.562
0.644
0.616
0.574
0.596
0.642
0.56
0.666
0.602
0.634
0.564
0.678
0.594
0.594
0.63
0.658
0.594
0.662
0.592
0.656
0.566
0.662
0.672
0.572
0.646
0.64
0.564
0.668
0.59
0.632
0.576
0.646
0.592
0.646
0.654
0.602
0.626
0.644
0.6
0.642
0.594
0.662
0.59
0.658
0.588
0.652
0.646
0.626
0.578
0.612
0.66
0.594
0.638
0.618
0.604
0.61
0.634
0.638
0.652
0.604
0.616
0.604
0.618
0.61
0.63
0.564
0.68
0.59
0.664
0.666
0.562
0.62
0.61
0.65
0.584
0.65
0.668
0.574
