0.016
0.036
0.02
0.018
0.034
0.028
0.042
0.046
0.044
0.044
0.042
0.06
0.058
0.046
0.038
0.052
0.03
0.042
0.04
0.032
0.034
0.03
0.032
0.028
0.032
0.036
0.04
0.036
0.022
0.034
0.028
0.032
0.024
0.032
0.022
0.032
0.026
0.044
0.038
0.04
0.04
0.05
0.04
0.04
0.038
0.038
0.04
0.038
0.042
0.042
0.048
0.046
0.046
0.036
0.04
0.044
0.044
0.038
0.05
0.042
0.046
0.038
0.048
0.042
0.052
0.04
0.048
0.04
0.05
0.046
0.048
0.046
0.048
0.044
0.05
0.046
0.046
0.046
0.052
0.046
0.048
0.048
0.05
0.048
0.048
0.046
0.05
0.046
0.048
0.05
0.05
0.046
0.052
0.048
0.052
0.05
0.048
0.05
0.052
0.048
