0.9728353140916808
0.8794567062818336
0.9609507640067911
0.9473684210526315
0.9881154499151104
0.9898132427843803
0.9898132427843803
0.9898132427843803
0.9915110356536503
0.9915110356536503
0.9915110356536503
0.9915110356536503
0.9915110356536503
0.9915110356536503
0.9915110356536503
0.9915110356536503
0.9932088285229203
0.9915110356536503
0.9932088285229203
0.9898132427843803
0.9915110356536503
0.9932088285229203
0.9898132427843803
0.9915110356536503
0.9915110356536503
0.9932088285229203
0.9932088285229203
0.9915110356536503
0.9915110356536503
0.9915110356536503
0.9898132427843803
0.9898132427843803
0.9898132427843803
0.9898132427843803
0.9898132427843803
0.9898132427843803
0.9881154499151104
0.9898132427843803
0.9898132427843803
0.9898132427843803
0.9881154499151104
0.9898132427843803
0.9898132427843803
0.9898132427843803
0.9898132427843803
0.9898132427843803
0.9881154499151104
0.9881154499151104
0.9898132427843803
0.9898132427843803
0.9898132427843803
0.9881154499151104
0.9881154499151104
0.9898132427843803
0.9898132427843803
0.9898132427843803
0.9898132427843803
0.9898132427843803
0.9898132427843803
0.9898132427843803
0.9898132427843803
0.9915110356536503
0.9915110356536503
0.9915110356536503
0.9915110356536503
0.9915110356536503
0.9915110356536503
0.9915110356536503
0.9898132427843803
0.9915110356536503
0.9898132427843803
0.9915110356536503
0.9881154499151104
0.9915110356536503
0.9898132427843803
0.9898132427843803
0.9864176570458404
0.9847198641765704
0.9898132427843803
0.9898132427843803
0.9898132427843803
0.9881154499151104
0.9898132427843803
0.9898132427843803
0.9915110356536503
0.9881154499151104
0.9932088285229203
0.9915110356536503
0.9915110356536503
0.9932088285229203
0.9949066213921901
0.9915110356536503
0.9915110356536503
0.9915110356536503
0.9915110356536503
0.9915110356536503
0.9932088285229203
0.9915110356536503
0.9915110356536503
0.9932088285229203
