0.4792371
0.4883505
0.5305567
0.5343505
0.57607216
0.5762062
0.5902783
0.67273194
0.7446598
0.84658766
0.94145364
0.98084533
0.9808351
0.98581445
0.99113405
0.9865464
0.99062884
0.98472166
0.98848456
0.9909175
0.9908763
0.9933299
0.99346393
0.99580413
0.9956186
0.99525774
0.9960825
0.9936804
0.9891856
0.99535054
0.99613404
0.993
0.99527836
0.9936907
0.99216497
0.9920928
0.99361855
0.9953814
0.99643296
0.99707216
0.99418557
0.9932165
0.99402064
0.9911031
0.99494845
0.9954536
0.996866
0.9953402
0.9950103
0.9960206
0.99572164
0.99597937
0.9963402
0.99480414
0.9948351
0.9956392
0.9959278
0.99615467
0.99503094
0.99572164
0.9964433
0.99574226
0.9965464
0.9934124
0.99658763
0.9949897
0.9955464
0.99548453
0.99480414
0.9957938
0.9961752
0.99597937
0.9959897
0.99594843
0.9962371
0.995701
0.99580413
0.99559796
0.99674225
0.995299
0.9962371
0.99628866
0.9956907
0.99456704
0.9938247
0.99594843
0.99620616
0.9959278
0.9964845
0.9958866
0.9964742
0.9952165
0.99537116
0.995433
0.99565977
0.9960206
0.9964639
0.9963505
0.99548453
0.9967938
