0.8998302
0.8726655
0.89643466
0.93208826
0.99151105
0.9032258
0.9779287
0.9796265
0.93208826
0.98641765
0.93718165
0.98981327
0.9490662
0.98641765
0.9983022
0.89134127
0.9626486
0.99151105
0.9949066
0.98981327
0.98641765
0.96943974
0.99660444
0.99151105
0.9711375
0.98981327
0.99151105
0.9796265
0.98811543
0.99151105
0.9847199
0.9949066
0.98981327
0.96943974
0.98981327
0.99151105
0.99151105
0.9949066
0.9796265
0.99660444
0.98981327
0.98132426
0.9949066
0.98811543
0.98981327
0.99151105
0.98641765
0.9932088
0.98981327
0.9796265
0.9932088
0.99151105
0.9847199
0.99151105
0.9932088
0.98811543
0.9949066
0.99151105
0.98811543
0.9949066
0.98811543
0.98811543
0.9932088
0.9796265
0.99660444
0.9932088
0.98811543
0.99151105
0.98811543
0.9847199
0.9949066
0.9932088
0.98811543
0.98811543
0.9830221
0.99660444
0.98981327
0.98641765
0.99151105
0.99151105
0.98641765
0.9949066
0.99151105
0.9847199
0.9949066
0.99151105
0.98981327
0.98811543
0.99151105
0.98641765
0.98981327
0.98981327
0.98641765
0.9932088
0.9932088
0.98981327
0.9847199
0.9847199
0.99151105
0.99151105
